Vazia
(30)
((5 8) 9 (9 17 26 30))
((2 3 5 8) 9 (9 17) 26 (26 30 41 51 90))
((2 3 4 5 8) 9 (9 11) 12 (12 13) 14 (14 15 16 17) 26 (26 30 41 51 90))
((2 3 4 5 8) 9 (9 11) 12 (12 13) 14 (14 15 16 17) 26 (26 41 51 90))
((2 3 4 5) 8 (8 9) 12 (12 13) 14 (14 15 16 17) 26 (26 51 90))
((2 3 4 5) 8 (8 9) 12 (12 13) 14 (15 16 17) 26 (26 51 90))
((2 3 4 5) 8 (8 9) 12 (12 13) 14 (16 17 26) 51 (51 90))
((2 3 4 5) 8 (8 9) 12 (12 16) 17 (17 26) 51 (51 90))
((3 4 5) 8 (8 9) 12 (12 16) 17 (17 26) 51 (51 90))
((3 4 5) 8 (8 9 12) 17 (17 26) 51 (51 90))
((3 4 5) 8 (8 9 17) 51 (51 90))
